<?xml version="1.0"?>
<opencv_storage>
<calibration_Time>"06/25/13 21:11:08"</calibration_Time>
<nrOfFrames>15</nrOfFrames>
<image_Width>640</image_Width>
<image_Height>480</image_Height>
<board_Width>6</board_Width>
<board_Height>8</board_Height>
<square_Size>10.</square_Size>
<FixAspectRatio>1.</FixAspectRatio>
<!-- flags:  +fix_aspectRatio +fix_principal_point +zero_tangent_dist -->
<flagValue>14</flagValue>
<Camera_Matrix type_id="opencv-matrix">
  <rows>3</rows>
  <cols>3</cols>
  <dt>d</dt>
  <data>
    5.5849662045517186e+002 0. 3.1950000000000000e+002 0.
    5.5849662045517186e+002 2.3950000000000000e+002 0. 0. 1.</data></Camera_Matrix>
<Distortion_Coefficients type_id="opencv-matrix">
  <rows>5</rows>
  <cols>1</cols>
  <dt>d</dt>
  <data>
    2.5844925262157380e-002 -8.2066824490856272e-001 0. 0.
    4.3474566859003785e+000</data></Distortion_Coefficients>
<Avg_Reprojection_Error>4.1576249106849889e-001</Avg_Reprojection_Error>
<Per_View_Reprojection_Errors type_id="opencv-matrix">
  <rows>15</rows>
  <cols>1</cols>
  <dt>f</dt>
  <data>
    2.64868677e-001 2.86009312e-001 2.66597211e-001 2.68710762e-001
    2.74392515e-001 2.71557927e-001 4.86880749e-001 4.67059195e-001
    4.74369526e-001 5.01325786e-001 4.94548380e-001 5.03045738e-001
    4.89629567e-001 4.92472231e-001 4.86985922e-001</data></Per_View_Reprojection_Errors>
<!-- a set of 6-tuples (rotation vector + translation vector) for each view -->
<Extrinsic_Parameters type_id="opencv-matrix">
  <rows>15</rows>
  <cols>6</cols>
  <dt>d</dt>
  <data>
    -4.4986994503362143e-001 -5.0197230177504915e-001
    -1.4719682743414451e+000 -3.5118542364604714e+001
    3.8931577492222431e+001 1.3720878489092254e+002
    -4.5030512557576974e-001 -4.9908896817212728e-001
    -1.4691979899851322e+000 -3.4714527316305457e+001
    3.8336453016507484e+001 1.3657237574512385e+002
    -4.3477012786530506e-001 -5.5025224660523242e-001
    -1.4630385419717979e+000 -3.2016177768844777e+001
    3.5242597460302491e+001 1.3460251165469495e+002
    -4.2579612617046408e-001 -5.4976119918956490e-001
    -1.4651272572624254e+000 -3.2059720444482529e+001
    3.5173041996775517e+001 1.3428184188983406e+002
    -4.1637264444060057e-001 -5.4186661045421303e-001
    -1.4755935130262878e+000 -3.2590079409301779e+001
    3.6170870645852503e+001 1.3293265726385505e+002
    -4.1492913950209326e-001 -5.4302280262061797e-001
    -1.4749791211057062e+000 -3.2486566906368068e+001
    3.5999777834163091e+001 1.3289561856610729e+002
    -1.8076761100968849e-001 -6.5142581435956726e-001
    -1.4807564634313211e+000 -3.6051936943106199e+001
    3.4441615000420761e+001 1.2629480415307128e+002
    -1.7732769103564822e-001 -6.4883871182285546e-001
    -1.4898912141431642e+000 -3.5125894320583576e+001
    3.4570496432396155e+001 1.2510349912979977e+002
    -1.6264299986061190e-001 -6.5107264297654199e-001
    -1.4974361299456982e+000 -3.5391158477693637e+001
    3.5444868501590477e+001 1.2520836444336283e+002
    -1.6135588504156514e-001 -6.5336648351617577e-001
    -1.5015951281478939e+000 -3.5521375670927526e+001
    3.5735229766175969e+001 1.2497632293944314e+002
    -6.5349097061806793e-001 1.6175305596869086e-001
    1.5275317550108403e+000 2.7368309513143842e+001
    -7.9836984695672253e-001 1.7000517674761565e+002
    -6.5351366510345243e-001 1.6416838479605741e-001
    1.5259955122989359e+000 2.7302132776721017e+001
    -7.6810173174226259e-001 1.6998792452066340e+002
    -6.5518142810295210e-001 1.6270050538225214e-001
    1.5239060533741320e+000 2.7474880242924545e+001
    -9.1859510805718803e-001 1.7014646299784684e+002
    -6.5614336490364567e-001 1.6246725146124466e-001
    1.5226904798435101e+000 2.7423702453740635e+001
    -9.0022822466855890e-001 1.7019452665791667e+002
    -6.5941885474976558e-001 1.6062113286003005e-001
    1.5208802090322158e+000 2.7379344283961839e+001
    -9.2754675931960850e-001 1.7030677977351917e+002</data></Extrinsic_Parameters>
<Image_points type_id="opencv-matrix">
  <rows>15</rows>
  <cols>48</cols>
  <dt>"2f"</dt>
  <data>
    1.75961884e+002 3.98030548e+002 1.83580185e+002 3.59887970e+002
    1.89835846e+002 3.24713348e+002 1.96143539e+002 2.91898773e+002
    2.01613724e+002 2.61463531e+002 2.06638870e+002 2.32775314e+002
    2.17341675e+002 3.99757385e+002 2.22963348e+002 3.61505005e+002
    2.27877945e+002 3.26282227e+002 2.32382858e+002 2.93441742e+002
    2.36607590e+002 2.62953949e+002 2.40427200e+002 2.34481888e+002
    2.58280792e+002 4.01487793e+002 2.61895111e+002 3.63386536e+002
    2.65390320e+002 3.27908752e+002 2.68512939e+002 2.95289581e+002
    2.71319702e+002 2.64784698e+002 2.74326691e+002 2.36520584e+002
    2.98660889e+002 4.03407104e+002 3.00758179e+002 3.65242340e+002
    3.02702301e+002 3.29781281e+002 3.04421570e+002 2.96756714e+002
    3.06328949e+002 2.66536926e+002 3.07660461e+002 2.38158127e+002
    3.38907379e+002 4.05303772e+002 3.39518005e+002 3.67072754e+002
    3.39854340e+002 3.31592499e+002 3.40531097e+002 2.98686340e+002
    3.40696167e+002 2.68208893e+002 3.41292999e+002 2.39988312e+002
    3.79304718e+002 4.07441956e+002 3.78266052e+002 3.68656616e+002
    3.77396240e+002 3.33435059e+002 3.76368652e+002 3.00435486e+002
    3.75465057e+002 2.70249023e+002 3.74661255e+002 2.41711990e+002
    4.19427094e+002 4.09444214e+002 4.16770599e+002 3.70543762e+002
    4.14341858e+002 3.35058777e+002 4.11968475e+002 3.02525726e+002
    4.09812592e+002 2.72090790e+002 4.08101959e+002 2.43570679e+002
    4.59510162e+002 4.11580719e+002 4.55038879e+002 3.73086609e+002
    4.51519440e+002 3.37369263e+002 4.47390625e+002 3.04503967e+002
    4.44181458e+002 2.74100128e+002 4.41191864e+002 2.45345612e+002
    1.76836227e+002 3.96235229e+002 1.84615845e+002 3.58092773e+002
    1.91298676e+002 3.22857391e+002 1.97466858e+002 2.89969025e+002
    2.03026123e+002 2.59429535e+002 2.08109207e+002 2.30598831e+002
    2.18484695e+002 3.98168060e+002 2.24318451e+002 3.59774200e+002
    2.29383255e+002 3.24445923e+002 2.33756042e+002 2.91563721e+002
    2.38249847e+002 2.61056488e+002 2.41870834e+002 2.32457993e+002
    2.59492798e+002 4.00079407e+002 2.63405518e+002 3.61857788e+002
    2.66725128e+002 3.26274109e+002 2.70121246e+002 2.93360138e+002
    2.72878265e+002 2.62824524e+002 2.76005280e+002 2.34522614e+002
    3.00155762e+002 4.02199036e+002 3.02394165e+002 3.63713593e+002
    3.04430359e+002 3.28213135e+002 3.06153717e+002 2.95040375e+002
    3.08132233e+002 2.64651306e+002 3.09602203e+002 2.36224625e+002
    3.40653625e+002 4.04145782e+002 3.41362366e+002 3.65703522e+002
    3.41781952e+002 3.30139557e+002 3.42494659e+002 2.97141144e+002
    3.42672485e+002 2.66568146e+002 3.43332489e+002 2.38162888e+002
    3.81323669e+002 4.06344879e+002 3.80285126e+002 3.67480103e+002
    3.79530029e+002 3.32137024e+002 3.78470215e+002 2.98934906e+002
    3.77582245e+002 2.68649628e+002 3.76806763e+002 2.40011810e+002
    4.21615601e+002 4.08550598e+002 4.19124847e+002 3.69591156e+002
    4.16552643e+002 3.33794830e+002 4.14312836e+002 3.01161743e+002
    4.12270386e+002 2.70513733e+002 4.10600555e+002 2.41890488e+002
    4.61917206e+002 4.10735474e+002 4.57568817e+002 3.72167725e+002
    4.54073486e+002 3.36343353e+002 4.49883453e+002 3.03371918e+002
    4.46725098e+002 2.72611847e+002 4.43761108e+002 2.43756271e+002
    1.86145325e+002 3.85567261e+002 1.93193604e+002 3.47948151e+002
    1.99274338e+002 3.12885132e+002 2.04811874e+002 2.80541199e+002
    2.09799255e+002 2.50478851e+002 2.14490997e+002 2.22330124e+002
    2.28419052e+002 3.87834869e+002 2.33401367e+002 3.49962738e+002
    2.37632126e+002 3.15059601e+002 2.41572296e+002 2.82650391e+002
    2.45395767e+002 2.52626572e+002 2.48674850e+002 2.24634018e+002
    2.69875793e+002 3.89917572e+002 2.72830322e+002 3.52327515e+002
    2.75584076e+002 3.17238953e+002 2.78222137e+002 2.84924591e+002
    2.80443115e+002 2.54841553e+002 2.82719971e+002 2.27326447e+002
